Date	AUD	CAD	CHF	EUR	GBP	JPY	NOK	NZD	SEK	USD
197601	100	100	100	100	100	100	100	100	100	100
197602	100.697	100.595	97.478	101.97	101.212	102.504	106.67	100.012	101.311	101.2
197603	101.394	102.209	94.957	101.853	101.515	104.087	108.009	100.025	100.592	101.219
197604	101.463	103.313	95.443	102.427	102.424	105.489	106.67	100.037	102.918	101.95
197605	101.533	104.843	95.93	103.014	104.091	105.188	108.009	100.049	103.116	102.325
197606	101.603	102.974	96.416	104.162	101.97	107.071	109.323	100.062	104.526	102.362
197607	100.82	103.313	96.706	100.352	102.273	108.013	112.001	100.074	104.836	102.887
197608	100.036	104.078	96.996	103.588	102.121	108.313	113.34	100.087	102.82	103.543
197609	99.253	103.823	97.285	104.632	103.788	108.173	112.001	100.099	100.803	103.693
197610	98.859	102.039	97.846	104.632	106.061	108.173	110.662	100.111	102.82	103.862
197611	98.466	104.163	98.408	104.749	106.97	109.736	106.67	100.124	101.706	105.399
197612	98.072	104.333	98.969	104.866	107.576	110.196	109.323	100.136	102.721	106.674
197701	98.859	105.777	99.652	105.44	109.697	111.138	109.323	99.907	99.394	106.149
197702	99.647	103.908	100.336	105.088	109.242	109.575	108.009	99.678	99.887	107.593
197703	100.435	104.673	101.02	106.249	109.394	111.138	109.323	99.45	98.787	109.037
197704	100.435	103.483	101.746	105.088	108.333	110.517	103.992	99.221	98.083	110.03
197705	100.435	105.098	102.472	104.162	111.212	110.056	98.661	98.992	97.674	110.836
197706	100.435	106.032	103.199	106.014	106.818	110.998	108.009	98.763	96.87	111.549
197707	100.435	104.928	103.436	101.5	107.273	108.794	101.339	96.987	97.279	111.905
197708	100.435	105.947	103.674	105.897	108.333	111.138	106.67	95.211	95.658	111.924
197709	100.435	105.353	103.911	106.132	108.636	111.138	108.009	93.435	96.264	112.411
197710	100.041	105.777	103.32	105.675	108.333	110.196	112.001	91	94.755	112.674
197711	99.647	106.372	102.728	105.793	107.576	112.4	113.34	88.564	93.134	112.711
197712	99.253	106.372	102.136	107.867	109.394	113.181	115.993	86.128	93.247	112.973
197801	99.253	106.032	101.994	108.219	109.394	114.851	115.993	86.534	96.165	111.661
197802	99.253	107.307	101.852	105.088	109.242	113.861	115.993	86.94	94.657	111.998
197803	99.253	107.562	101.71	102.896	108.03	116.633	117.332	87.346	94.755	114.136
197804	100.041	109.091	102.893	104.971	114.849	116.633	118.671	87.63	94.755	116.329
197805	100.829	107.307	104.076	104.866	110.909	117.029	112.001	87.914	93.346	116.892
197806	101.616	109.431	105.259	104.279	110.909	117.425	117.332	88.199	92.937	117.735
197807	102.01	108.921	103.864	107.058	112.576	118.217	117.332	88.767	93.543	117.717
197808	102.404	108.836	102.468	108.102	113.485	119.802	121.324	89.335	95.658	118.054
197809	102.798	112.234	101.073	109.837	113.333	120.792	122.663	89.904	96.87	118.317
197810	102.798	111.895	101.902	107.984	111.212	120.99	122.663	90.918	97.575	119.16
197811	102.798	112.234	102.732	108.793	111.97	121.386	124.002	91.933	98.083	120.004
197812	102.798	114.358	103.561	112.264	115.455	122.574	121.324	92.948	97.871	120.735
197901	103.586	114.698	103.376	109.263	107.424	122.376	120.01	93.658	97.067	120.116
197902	104.373	114.953	103.191	108.911	115.455	122.178	120.01	94.369	98.083	120.791
197903	105.161	115.293	103.005	109.38	116.97	123.366	121.324	95.079	98.181	121.166
197904	105.555	114.443	102.827	111.924	116.818	123.762	122.663	95.15	100.395	120.116
197905	105.949	116.992	102.649	111.689	118.636	126.534	125.341	95.221	101.41	120.941
197906	106.343	115.633	102.47	113.894	120.606	126.93	124.002	95.292	103.722	120.941
197907	107.13	116.992	103.193	114.468	119.091	127.92	126.68	95.475	101.805	120.585
197908	107.918	117.077	103.915	112.851	115	130.098	132.011	95.658	104.427	119.779
197909	108.706	117.757	104.637	113.072	114.545	127.524	137.342	95.84	105.329	119.798
197910	108.312	117.162	105.878	111.807	115	130.098	130.672	95.668	102.82	120.285
197911	107.918	116.737	107.119	114.703	116.515	131.683	136.003	95.495	103.623	120.154
197912	107.524	115.208	108.359	116.438	117.121	131.287	133.325	95.323	106.542	120.285
198001	107.524	117.502	109.682	115.747	116.364	132.277	137.342	95.587	105.329	120.96
198002	107.524	115.803	111.005	115.629	113.636	137.425	139.995	95.85	104.526	121.054
198003	107.524	117.587	112.328	114.586	113.03	133.663	134.664	96.114	105.935	120.697
198004	106.737	115.208	111.781	113.425	109.849	135.841	136.003	95.495	104.427	118.298
198005	105.949	112.404	111.234	113.307	110	134.851	136.003	94.876	80.643	115.411
198006	105.161	112.319	110.688	112.264	110.152	133.663	138.681	94.257	103.919	113.948
198007	105.949	113.679	110.298	112.851	107.727	133.465	117.332	93.932	105.442	113.236
198008	106.737	113.254	109.909	113.072	106.061	129.504	133.325	93.608	102.312	113.517
198009	107.524	115.973	109.52	109.146	104.242	131.485	130.672	93.283	100.902	115.354
198010	108.312	116.567	109.477	109.719	103.788	132.277	134.664	94.308	102.016	116.554
198011	109.1	116.482	109.435	111.572	103.788	130.495	132.011	95.333	102.411	118.579
198012	109.888	116.992	109.392	109.954	103.182	132.277	130.672	96.358	100.099	119.273
198101	110.281	115.888	108.831	109.485	103.03	132.475	130.672	95.921	101.311	118.56
198102	110.675	117.247	108.27	111.572	103.788	132.079	132.011	95.485	101.607	118.185
198103	111.069	118.522	107.708	111.116	103.939	132.475	133.325	95.049	100.902	118.785
198104	110.675	119.116	108.212	110.072	104.394	132.475	132.011	96.459	99.887	118.26
198105	110.281	119.201	108.715	110.763	102.879	130.495	137.342	97.87	98.379	119.104
198106	109.888	120.391	109.218	109.485	105.152	134.059	134.664	99.281	98.379	119.723
198107	109.888	118.607	110.238	110.411	105.455	134.851	138.681	99.758	99.394	120.585
198108	109.888	115.293	111.257	110.528	105.606	134.455	115.993	100.234	100.099	120.416
198109	109.888	115.293	112.277	110.881	105.909	136.633	136.003	100.711	98.477	119.591
198110	110.675	114.613	111.895	111.455	108.333	137.623	129.333	101.452	99.182	118.654
198111	111.463	111.98	111.514	110.528	106.97	137.623	133.325	102.193	99.394	117.342
198112	112.251	111.555	111.133	109.602	105.303	137.227	133.325	102.934	99.182	116.067
198201	111.857	109.94	109.914	110.072	105.455	136.237	136.003	103.563	97.476	113.986
198202	111.463	108.751	108.694	109.263	106.061	135.247	134.664	104.192	98.083	116.198
198203	111.069	107.562	107.474	110.307	106.364	136.633	136.003	104.821	97.984	115.392
198204	111.857	105.608	107.324	110.072	107.576	134.653	137.342	105.207	97.772	114.436
198205	112.645	106.202	107.173	110.072	108.636	133.663	129.333	105.593	98.083	113.648
198206	113.432	103.908	107.022	107.41	107.121	135.247	130.672	105.978	98.576	113.311
198207	112.645	100.68	106.365	103.823	107.121	134.851	132.011	105.603	99.492	112.899
198208	111.857	105.013	105.708	106.014	108.03	135.049	130.672	105.227	97.279	111.849
198209	111.069	102.209	105.051	105.558	108.182	135.643	127.994	104.852	98.083	111.324
198210	109.1	99.32	104.358	104.397	107.576	131.683	124.002	103.604	97.674	110.368
198211	107.13	99.745	103.664	103.131	105.606	135.049	133.325	102.356	96.87	109.936
198212	105.161	99.15	102.971	103.588	107.121	133.861	136.003	101.107	98.787	109.093
198301	104.767	104.248	103.428	105.205	108.485	134.455	134.664	100.498	98.787	111.024
198302	104.373	104.588	103.885	104.279	110.152	134.059	139.995	99.889	99.394	110.517
198303	103.98	105.013	104.342	106.132	108.636	135.841	134.664	99.281	98.787	111.361
198304	105.161	106.627	104.719	107.175	109.849	136.039	148.004	99.199	101.41	112.842
198305	106.343	106.627	105.095	106.484	111.212	136.435	141.334	99.118	100.803	113.686
198306	107.524	109.176	105.471	110.072	109.546	138.217	144.012	99.037	101.41	114.379
198307	107.524	108.836	105.352	105.088	111.364	137.623	146.665	100.285	103.919	116.123
198308	107.524	111.215	105.232	106.132	111.364	140.395	144.012	101.533	101.509	117.342
198309	107.524	113.594	105.113	108.911	111.97	142.97	145.326	102.782	102.82	119.104
198310	107.918	115.123	105.378	108.571	113.03	141.98	148.004	103.847	104.737	120.06
198311	108.312	116.058	105.644	109.954	112.879	143.366	146.665	104.913	104.836	120.398
198312	108.706	118.012	105.909	112.159	113.485	145.148	149.343	105.978	104.328	121.185
198401	109.887	116.762	106.262	110.763	115.152	145.94	153.335	109.287	106.64	123.603
198402	111.069	113.629	106.615	111.807	114.091	149.504	148.004	112.595	106.344	123.978
198403	112.251	116.238	106.968	110.072	112.576	148.514	149.343	115.903	105.837	124.822
198404	112.645	117.928	106.892	109.263	110.455	148.316	149.343	115.345	106.95	125.572
198405	113.038	119.358	106.817	110.072	109.697	151.287	156.013	114.787	110.08	126.284
198406	113.432	126.381	106.742	99.648	110.606	151.881	151.996	114.229	107.853	126.753
198407	114.22	120.894	107.216	111.924	108.939	151.683	149.343	114.097	106.443	127.128
198408	115.008	120.729	107.69	110.763	108.485	154.059	151.996	113.965	109.361	127.278
198409	115.795	118.832	108.165	113.072	110.303	152.277	157.327	113.833	111.081	126.978
198410	115.795	120.135	108.779	112.616	110.455	156.831	156.013	115.497	111.885	126.79
198411	115.795	120.615	109.393	113.542	109.849	156.633	157.327	117.162	112.195	127.184
198412	115.795	120.25	110.006	114.234	111.667	155.643	154.674	118.826	115.409	127.353
198501	116.583	129.102	110.785	114.234	113.636	157.029	157.327	118.268	111.377	126.978
198502	117.371	129.321	111.564	114.351	113.636	157.029	158.666	117.71	110.376	127.634
198503	118.159	130.38	112.342	115.395	116.515	155.643	161.344	117.152	113.393	127.709
198504	119.734	129.677	112.796	114.116	117.576	158.019	160.005	116.238	113.393	127.672
198505	121.309	130.961	113.25	115.512	118.636	159.801	160.005	115.325	112.999	127.784
198506	122.885	132.246	113.704	116.895	121.212	157.029	151.996	114.412	115.113	127.84
198507	124.067	131.875	113.624	118.056	116.515	159.405	163.997	113.925	108.966	127.015
198508	125.248	133.213	113.545	115.042	117.576	157.821	163.997	113.437	115.621	127.597
198509	126.43	131.014	113.466	116.438	119.697	156.237	162.658	112.95	115.72	128.14
198510	126.43	132.262	114.486	117.821	117.121	158.019	165.336	111.956	112.195	127.54
198511	126.43	132.998	115.506	120.026	118.636	157.821	166.675	110.961	111.885	127.897
198512	126.43	133.122	116.527	115.512	115.455	157.623	168.014	109.967	108.558	129.153
198601	126.036	133.329	115.512	117.821	116.97	157.623	165.336	108.678	113.802	129.903
198602	125.642	132.516	114.496	118.291	117.879	157.425	167.396	107.389	113.196	129.04
198603	125.248	130.492	113.481	118.513	118.94	157.227	167.911	106.1	115.621	128.122
198604	124.067	131.614	115.633	119.1	120.455	157.227	113.572	108.201	110.672	128.215
198605	122.885	128.767	117.785	117.939	118.485	157.029	159.928	110.302	110.884	128.44
198606	121.703	128.295	119.937	118.513	120.152	157.821	172.29	112.402	111.589	128.103
198607	122.097	129.279	120.589	120.261	119.091	158.019	177.697	113.995	112.689	128.815
198608	122.491	128.014	121.24	118.174	119.091	153.861	181.818	115.589	113.393	128.609
198609	122.885	128.77	121.892	117.482	122.121	159.405	163.276	117.182	112.801	128.871
198610	122.885	128.957	120.676	117.821	122.424	157.029	168.942	115.518	112.801	129.396
198611	122.885	128.714	119.46	119.1	121.97	154.851	171.517	113.853	114.817	130.015
198612	122.885	131.321	118.244	117.586	122.424	159.009	177.697	112.189	113.506	131.177
198701	123.673	132.554	117.524	115.747	120.152	157.821	182.333	112.676	109.361	130.465
198702	124.46	133.036	116.804	118.056	124.091	157.425	175.38	113.163	113.901	132.302
198703	125.248	133.885	116.083	117.365	123.485	159.801	174.35	113.651	113.506	132.565
198704	126.036	133.263	116.238	118.982	122.424	158.019	174.865	112.493	114.112	133.446
198705	126.824	133.366	116.392	120.718	124.697	155.643	179.243	111.336	115.621	134.177
198706	127.611	134.968	116.547	118.513	124.243	161.385	169.199	110.178	114.916	135.077
198707	128.399	136.388	118.017	117.13	126.515	162.772	177.183	109.735	114.409	135.921
198708	129.187	137.679	119.487	119.674	126.061	163.564	159.928	109.292	118.849	136.839
198709	129.974	138.468	120.957	118.174	125.303	165.94	178.985	108.849	117.736	137.139
198710	131.156	139.736	122.398	120.026	126.818	168.514	179.758	108.889	118.032	139.014
198711	132.338	140.771	123.839	120.718	126.667	169.306	178.213	108.928	119.554	139.708
198712	133.519	141.983	125.28	120.835	127.727	171.088	178.728	108.967	119.949	140.251
198801	134.307	142.902	126.177	120.261	128.939	172.277	179.243	108.377	115.015	140.326
198802	135.095	142.969	127.074	121.174	127.424	177.227	180.531	107.786	112.999	141.02
198803	135.882	144.096	127.971	120.6	129.394	173.663	179.243	107.196	115.818	141.32
198804	135.095	143.857	127.349	121.409	128.333	178.217	183.106	106.763	118.737	141.882
198805	134.307	144.732	126.727	121.409	129.848	176.633	176.667	106.329	119.343	141.826
198806	133.519	144.043	126.105	123.614	130.303	176.831	173.32	105.896	118.849	142.07
198807	134.307	143.043	127.263	120.718	130.909	177.623	174.35	106.31	117.031	142.37
198808	135.095	143.245	128.422	125.688	132.424	178.613	175.895	106.723	114.211	143.12
198809	135.882	144.218	129.58	124.188	133.788	181.583	187.484	107.137	116.326	142.67
198810	137.064	143.153	130.667	124.658	132.273	179.009	184.136	105.946	120.358	143.42
198811	138.246	142.244	131.754	125.232	133.636	182.574	187.226	104.754	119.752	143.701
198812	139.427	144.335	132.841	128.01	132.727	184.158	187.999	103.563	119.343	144.357
198901	139.033	143.974	132.567	126.158	133.485	186.138	190.317	104.43	123.685	144.751
198902	138.639	145.359	132.293	125.688	133.788	184.752	189.029	105.296	122.769	143.982
198903	138.246	144.597	132.019	126.615	132.121	191.484	196.24	106.162	122.67	144.451
198904	139.427	145.451	133.072	130.437	135.303	188.316	197.528	106.477	122.67	144.338
198905	140.609	144.162	134.124	124.188	131.818	188.118	196.24	106.792	119.244	143.457
198906	141.79	142.976	135.177	129.172	131.97	190.89	199.33	107.107	120.964	143.476
198907	142.972	142.049	133.167	129.863	132.273	186.534	200.103	106.093	117.933	142.07
198908	144.154	142.244	131.157	129.511	135	190.296	201.133	105.079	119.653	143.345
198909	145.335	142.479	129.147	130.202	134.394	189.108	201.906	104.065	120.753	142.857
198910	144.941	140.921	128.733	130.555	133.485	187.92	201.133	103.888	122.67	142.745
198911	144.547	142.322	128.32	131.128	134.697	189.702	199.588	103.711	122.67	143.045
198912	144.154	143.843	127.906	133.333	134.546	190.494	197.785	103.534	123.981	144.076
199001	145.729	140.244	132.146	133.098	133.182	188.712	198.043	103.061	125.194	143.326
199002	147.305	141.039	136.387	132.525	132.273	190.494	199.845	102.589	127.45	144.544
199003	148.88	141.547	140.628	133.79	134.091	194.059	197.27	102.116	128.014	145.163
199004	147.545	140.362	139.362	131.481	135	194.059	196.24	102.107	128.154	145.144
199005	146.209	140.644	138.097	134.834	134.091	195.445	203.966	102.097	125.617	145.294
199006	144.874	140.861	136.832	134.834	136.212	195.841	207.056	102.087	127.731	145.763
199007	144.656	140.852	136.609	136.112	133.03	197.821	187.226	101.654	118.427	145.538
199008	144.438	138.508	136.387	136.921	133.182	199.009	209.117	101.221	123.361	145.913
199009	144.219	135.982	136.165	138.2	132.424	197.821	205.769	100.788	125.758	146.138
199010	144.219	135.88	135.97	138.421	132.273	201.583	208.859	100.748	125.476	145.144
199011	144.219	134.255	135.775	138.421	131.667	200.395	209.889	100.709	125.758	143.401
199012	144.219	133.025	135.58	139.009	130.909	200.395	205.511	100.669	131.679	142.407
199101	143.497	133.358	136.893	143.77	130.606	201.979	208.086	99.626	123.361	141.845
199102	142.774	131.061	138.207	140.9	130.455	202.375	211.949	98.583	123.22	140.851
199103	142.051	131.157	139.52	140.117	129.091	200.395	208.601	97.539	124.066	140.101
199104	141.266	131.667	138.765	139.074	127.424	201.187	206.284	96.525	119.977	140.401
199105	140.481	132.67	138.009	138.291	128.939	203.168	214.01	95.511	121.387	141.845
199106	139.696	133.649	137.253	141.422	129.394	197.029	207.829	94.498	119.413	143.232
199107	139.922	134.014	136.667	138.813	128.182	201.583	202.421	95.6	116.735	143.232
199108	140.148	133.654	136.081	137.639	126.97	198.811	191.089	96.703	117.44	143.288
199109	140.374	134.343	135.495	136.204	127.121	198.613	215.297	97.805	118.145	144.526
199110	140.315	133.545	136.8	138.421	128.788	197.425	206.541	98.445	117.44	144.226
199111	140.255	132.871	138.104	140.378	129.091	198.613	207.571	99.085	120.4	144.02
199112	140.196	131.121	139.409	139.987	128.485	195.841	210.147	99.724	117.158	143.532
199201	140.118	133.3	138.633	141.161	128.485	194.257	214.525	100.177	120.4	142.707
199202	140.041	133.169	137.858	142.205	129.243	193.465	212.207	100.63	118.286	143.982
199203	139.964	133.058	137.083	139.987	128.788	190.494	217.358	101.083	117.017	145.032
199204	140.077	134.271	137.303	139.726	129.546	189.9	220.706	101.083	118.568	146.026
199205	140.19	133.574	137.524	138.552	126.818	185.346	218.13	101.083	118.709	146.588
199206	140.303	134.051	137.744	136.073	128.182	189.504	220.706	101.083	116.453	146.513
199207	140.386	132.718	137.699	134.247	129.394	188.712	220.448	100.374	120.823	147.638
199208	140.469	133.622	137.653	135.29	129.091	182.772	225.341	99.665	121.951	147.132
199209	140.553	134.366	137.608	134.116	130	190.494	223.538	98.957	116.312	147.319
199210	140.814	135.981	136.361	133.594	131.364	184.158	219.676	99.823	115.184	148.425
199211	141.076	136.34	135.114	131.246	129.697	181.583	218.13	100.689	113.069	149.156
199212	141.338	136.661	133.867	129.028	129.546	180.593	222.251	101.555	110.391	149.175
199301	141.95	136.915	133.16	126.68	129.697	183.762	210.404	102.579	115.466	149.756
199302	142.563	138.907	132.454	125.114	131.515	185.742	217.873	103.603	112.505	150.338
199303	143.175	140.327	131.748	125.767	130.455	178.415	226.886	104.626	113.633	150.525
199304	143.788	139.698	131.514	124.592	130.606	181.583	226.114	105.079	112.364	150.862
199305	144.4	138.967	131.28	125.375	131.515	183.96	226.371	105.532	115.748	150.338
199306	145.013	139.756	131.046	123.549	130.758	180.791	217.615	105.985	113.774	150.656
199307	144.656	138.846	132.949	121.722	131.97	181.583	230.749	106.753	120.259	151.219
199308	144.299	140.729	134.852	126.941	132.273	179.999	233.067	107.52	118.849	151.05
199309	143.942	142.555	136.754	126.027	132.727	179.999	231.522	108.288	118.145	151.912
199310	144.68	142.593	136.668	126.288	133.182	177.623	236.93	108.446	119.132	152.887
199311	145.417	142.999	136.581	125.767	134.394	177.425	239.248	108.603	118.286	153.581
199312	146.155	141.727	136.494	127.723	134.697	176.039	237.703	108.761	118.286	154.537
199401	147.421	143.807	136.571	124.853	135.455	173.861	241.308	109.371	123.079	155.343
199402	148.688	143.731	136.647	126.941	135.909	176.831	244.656	109.981	123.502	155.474
199403	149.955	145.606	136.724	126.81	136.515	178.613	237.96	110.592	124.63	156.843
199404	150.365	146.838	137.712	128.767	138.182	180.593	237.188	111.261	125.476	157.612
199405	150.775	148.113	138.701	128.245	140	179.801	242.081	111.93	127.168	158.586
199406	151.186	149.896	139.69	128.767	138.333	182.177	251.094	112.6	127.872	159.674
199407	151.798	149.721	140.014	129.289	139.091	183.762	242.081	113.673	127.45	159.918
199408	152.411	151.12	140.338	128.376	139.697	185.346	227.917	114.746	127.731	160.799
199409	153.023	152.07	140.663	130.333	141.061	184.158	245.429	115.819	134.076	161.061
199410	153.071	152.072	141.083	132.942	141.212	185.94	249.807	116.468	135.768	162.374
199411	153.119	153.577	141.503	132.942	141.061	187.128	251.61	117.118	136.754	163.386
199412	153.166	156.064	141.923	134.247	142.576	188.316	251.867	117.768	137.036	165.186
199501	152.797	155.926	142.272	128.865	140.233	182.772	248.832	125.77	113.261	165.981
199502	152.429	155.924	142.621	130.77	140.233	185.544	248.01	133.773	114.349	165.981
199503	152.06	155.502	142.97	130.77	140.526	187.326	253.765	141.776	115.592	166.252
199504	151.852	155.745	143.251	130.77	141.846	189.504	254.039	142.376	115.902	166.168
199505	151.644	155.943	143.533	132.039	141.7	186.336	257.053	142.977	115.436	166.502
199506	151.435	156.218	143.814	130.611	140.966	186.138	252.12	143.577	116.058	167.023
199507	152.589	156.276	144.658	130.294	141.846	183.564	261.986	143.538	115.902	166.418
199508	153.743	156.647	145.502	129.341	141.846	186.336	255.957	143.498	116.368	168.669
199509	154.897	156.373	146.345	131.563	142.287	183.366	263.082	143.459	115.902	169.336
199510	155.277	156.179	143.628	127.913	141.553	186.138	261.712	143.587	117.456	169.002
199511	155.658	156.763	140.911	129.341	142.287	187.722	265.823	143.715	116.524	169.44
199512	156.039	156.46	138.193	129.183	143.313	190.098	268.015	143.843	114.349	170.19
199601	157.186	157.124	140.885	129.5	143.46	187.326	270.481	144.345	115.592	168.982
199602	158.334	156.942	143.578	128.865	144.487	187.128	279.525	144.847	116.058	171.795
199603	159.482	156.545	146.27	129.817	144.634	186.93	267.467	145.349	114.349	171.524
199604	159.357	157.166	144.336	129.341	143.02	187.524	269.385	145.644	115.126	172.878
199605	159.232	157.626	142.402	130.928	143.9	188.712	262.808	145.94	117.767	173.983
199606	159.107	157.769	140.467	130.77	143.167	188.91	274.318	146.235	117.611	175.525
199607	159.107	158.344	140.67	129.341	143.02	190.098	275.962	146.136	118.544	175.358
199608	159.107	159.064	140.873	131.881	144.047	190.296	275.14	146.038	119.631	176.463
199609	159.107	159.203	141.076	132.674	144.78	192.276	273.496	145.94	116.524	177.442
199610	159.143	160	141.788	130.928	144.78	193.465	264.452	146.619	116.524	177.463
199611	159.179	160.815	142.501	132.515	145.514	194.455	270.207	147.298	118.544	178.942
199612	159.214	159.952	143.214	132.357	146.247	196.237	271.578	147.977	121.495	180.109
199701	159.167	161.32	143.296	131.087	146.54	199.207	275.962	147.662	121.962	180.297
199702	159.119	162.341	143.377	132.515	145.807	199.207	277.332	147.347	120.719	182.506
199703	159.072	162.328	143.459	133.468	145.367	199.999	278.703	147.032	120.563	184.006
199704	160.041	163.433	145.503	133.785	145.367	195.049	278.155	147.554	123.36	184.006
199705	161.01	164.018	147.548	132.198	145.954	200.791	281.991	148.076	122.738	185.215
199706	161.98	164.335	149.593	136.166	146.247	199.603	278.703	148.597	121.962	186.111
199707	162.366	166.112	149.8	137.118	148.007	200.197	286.924	148.086	125.38	187.07
199708	162.753	166.325	150.006	133.626	146.247	199.207	273.222	147.574	124.292	189.716
199709	163.139	166.618	150.213	134.737	146.1	198.019	281.443	147.062	125.535	191.425
199710	163.883	167.272	151.481	136.959	146.834	196.633	289.116	146.619	126.312	192.717
199711	164.626	167.409	152.749	137.435	146.1	194.257	284.184	146.176	126.312	194.467
199712	165.37	168.941	154.017	138.387	146.247	192.276	285.28	145.733	129.574	195.197
199801	165.328	168.202	154.476	139.34	146.981	195.247	280.621	144.916	127.089	196.155
199802	165.286	169.881	154.935	139.34	147.567	190.098	278.429	144.099	126.933	196.239
199803	165.245	170.569	155.393	140.768	148.594	185.94	281.443	143.282	127.865	196.364
199804	165.679	170.654	155.256	140.133	148.741	185.544	286.102	143.469	129.108	197.218
199805	166.113	170.354	155.119	140.45	146.981	184.158	275.688	143.656	126.467	198.656
199806	166.547	170.317	154.982	139.498	147.714	184.158	284.732	143.843	130.041	197.489
199807	167.249	170.349	155.103	142.355	148.447	183.762	278.703	143.813	130.817	196.614
199808	167.951	172.105	155.224	140.45	147.274	180.593	261.712	143.784	132.371	200.74
199809	168.652	172.725	155.345	139.022	148.007	182.772	281.443	143.754	130.196	200.198
199810	168.724	173.528	154.718	139.816	147.714	181.979	277.058	142.711	130.662	201.532
199811	168.795	174.095	154.092	138.07	147.274	180.989	275.14	141.668	130.973	201.386
199812	168.866	175.75	153.465	138.229	147.567	180.791	271.852	140.624	129.885	202.074
199901	170.383	176.743	153.764	140.133	147.421	182.97	274.318	141.658	128.487	203.136
199902	171.899	177.52	154.063	138.229	147.567	182.97	273.496	142.691	131.283	203.991
199903	173.416	177.505	154.361	138.863	148.887	185.346	274.592	143.725	132.837	204.428
199904	172.108	178.771	155.4	139.657	147.567	182.376	266.919	143.41	130.041	204.824
199905	170.799	179.152	156.438	140.292	148.741	185.148	274.044	143.095	131.439	206.325
199906	169.491	180.273	157.476	140.768	149.621	183.762	275.14	142.78	132.526	205.95
199907	170.561	181.258	158.812	141.403	149.914	184.752	280.621	144.089	132.371	207.283
199908	171.632	182.292	160.148	142.672	152.115	186.534	281.169	145.398	129.885	208.388
199909	172.702	183.6	161.484	142.514	152.408	187.92	277.058	146.707	135.323	207.679
199910	173.654	184.15	163.358	143.942	151.528	187.722	273.496	147.908	135.012	210.513
199911	174.605	185.775	165.232	144.101	152.995	189.702	283.361	149.109	135.945	211.68
199912	175.557	186.893	167.105	144.259	151.381	189.504	288.568	150.31	134.391	213.41
200001	177.579	187.46	168.5	141.403	150.794	189.306	282.813	150.438	132.992	213.472
200002	179.601	187.644	169.894	144.894	153.141	189.108	286.102	150.566	136.877	214.389
200003	181.623	189.441	171.289	145.053	153.141	191.88	289.664	150.694	137.964	215.223
200004	182.277	189.175	171.365	146.799	151.821	194.851	277.607	150.448	140.761	216.577
200005	182.931	190.412	171.442	150.29	152.701	193.663	289.39	150.202	140.295	217.015
200006	183.585	191.184	171.518	146.957	153.728	196.237	283.361	149.956	142.004	217.265
200007	185.537	191.786	172.372	149.496	151.968	195.841	292.131	150.448	141.382	216.765
200008	187.489	192.706	173.226	150.925	153.728	198.415	285.28	150.94	142.004	216.286
200009	189.44	192.98	174.08	151.083	152.115	194.455	286.102	151.432	142.936	217.307
200010	189.377	193.497	175.279	150.607	152.261	197.227	290.213	151.846	142.936	216.411
200011	189.314	193.506	176.478	151.718	153.728	198.019	282.539	152.259	144.024	216.452
200012	189.251	194.091	177.677	152.829	153.435	199.999	283.91	152.672	142.159	215.598
200101	186.662	193.891	178.175	152.353	153.581	192.673	289.39	151.836	144.49	214.035
200102	184.073	193.605	178.672	154.099	152.408	194.455	279.251	150.999	141.382	212.785
200103	181.484	193.725	179.169	151.559	152.555	191.088	283.361	150.163	141.693	212.118
200104	181.737	193.695	177.808	148.862	151.234	189.702	284.732	150.989	136.411	211.576
200105	181.989	194.319	176.447	150.449	150.648	185.94	272.126	151.816	140.139	210.034
200106	182.242	194.183	175.086	151.242	150.354	183.96	279.525	152.643	137.964	208.7
200107	182.115	193.835	173.337	146.64	149.621	181.583	279.251	151.659	138.896	207.783
200108	181.989	194.508	171.589	150.766	151.528	179.009	281.991	150.674	141.693	207.012
200109	181.863	193.497	169.84	148.703	149.914	175.643	290.213	149.69	138.586	206.304
200110	182.494	194.261	168.488	146.164	148.154	175.643	284.732	150.251	140.605	205.116
200111	183.126	195.19	167.137	144.259	147.567	172.871	288.02	150.812	141.072	204.095
200112	183.757	194.653	165.785	145.212	147.421	174.653	297.886	151.373	142.314	204.011
200201	184.768	196.613	164.207	146.005	148.007	173.663	288.568	150.989	140.45	205.116
200202	185.778	197.544	162.629	146.322	148.007	175.841	293.501	150.605	143.713	205.158
200203	186.788	197.221	161.051	146.64	148.887	176.633	266.097	150.221	143.402	206.721
200204	186.599	198.521	163.008	146.799	149.328	176.435	297.886	152.397	142.004	207.283
200205	186.409	198.735	164.964	145.37	150.794	183.366	292.405	154.572	141.538	208.346
200206	186.22	198.906	166.92	149.496	144.047	181.385	292.405	156.748	139.052	210.221
200207	186.851	199.65	165.825	146.64	147.127	182.574	283.361	159.278	141.693	209.575
200208	187.483	200.39	164.729	149.972	148.154	183.366	283.91	161.807	141.538	209.721
200209	188.114	199.947	163.634	148.227	148.007	184.554	272.4	164.337	141.382	209.888
200210	188.62	201.188	163.302	146.957	147.421	184.554	282.265	164.485	142.781	209.284
200211	189.125	201.155	162.97	149.655	147.127	184.356	279.525	164.632	143.091	210.221
200212	189.63	200.632	162.638	146.957	148.301	184.158	276.51	164.78	145.266	209.138
200301	189.946	201.729	162.623	148.227	145.807	185.148	281.991	164.386	146.199	210.68
200302	190.261	202.394	162.609	148.227	147.127	184.356	280.621	163.993	142.004	211.388
200303	190.577	202.246	162.594	147.909	146.687	185.742	280.621	163.599	142.314	211.118
200304	189.567	201.673	162.656	147.275	146.834	183.168	274.318	162.9	148.374	209.346
200305	188.556	202.343	162.718	146.164	145.954	185.544	273.222	162.201	144.8	209.388
200306	187.546	202.827	162.78	145.529	147.127	183.96	273.77	161.502	144.645	209.659
200307	187.546	203.853	163.423	149.02	147.274	184.752	278.155	162.861	148.063	210.451
200308	187.546	201.933	164.066	145.37	146.247	182.97	275.14	164.219	147.286	210.326
200309	187.546	204.527	164.709	144.894	146.54	188.514	278.977	165.577	147.597	211.597
200310	187.862	205.542	165.057	149.338	148.154	190.692	285.006	166.138	146.975	211.743
200311	188.178	205.766	165.405	150.766	146.981	191.088	280.347	166.699	145.733	213.597
200312	188.493	206.466	165.753	151.401	148.887	190.494	282.813	167.261	149.151	213.452
200401	188.683	206.403	167.266	150.131	149.181	193.861	279.525	168.983	150.549	214.098
200402	188.872	206.347	168.779	151.083	148.447	193.267	279.799	170.706	150.393	215.223
200403	189.062	208.257	170.292	149.972	150.208	192.276	281.443	172.429	147.908	213.931
200404	188.998	208.496	170.437	152.194	149.621	195.643	275.14	171.631	153.967	214.952
200405	188.935	208.641	170.582	153.781	148.887	195.841	278.703	170.834	152.569	216.515
200406	188.872	209.98	170.726	152.829	149.328	196.435	296.241	170.036	151.636	214.598
200407	188.619	210.264	170.708	154.734	147.567	199.207	271.852	170.676	146.509	216.015
200408	188.367	211.299	170.689	153.147	147.861	196.435	249.654	171.316	154.278	216.536
200409	188.114	211.959	170.671	152.67	146.834	197.029	270.207	171.956	153.501	216.515
200410	188.177	211.872	170.831	154.575	147.127	193.267	282.265	171.71	152.258	218.494
200411	188.241	212.534	170.991	152.036	148.887	195.643	274.866	171.464	152.879	219.016
200412	188.304	212.652	171.151	151.401	148.741	193.069	266.097	171.218	147.131	220.474
200501	188.556	213.606	170.909	155.686	147.714	197.623	265.549	171.06	149.306	221.516
200502	188.809	213.86	170.667	153.305	148.154	197.623	271.029	170.903	155.209	222.975
200503	189.062	213.339	170.426	155.368	146.394	198.217	268.289	170.745	155.676	222.766
200504	190.135	214.43	172.596	156.638	147.421	199.009	287.746	171.346	151.792	222.558
200505	191.209	215.132	174.766	155.051	147.714	197.425	283.087	171.946	152.569	223.183
200506	192.283	215.944	176.936	158.224	147.714	198.217	268.289	172.546	156.608	224.016
200507	191.778	216.678	176.338	160.289	147.421	197.029	267.741	172.91	158.007	224.016
200508	191.273	217.9	175.739	155.845	145.954	197.029	277.607	173.274	149.306	224.434
200509	190.767	218.272	175.141	160.447	145.22	198.613	282.539	173.638	155.054	220.474
200510	190.641	218.764	176.133	163.303	144.34	196.831	273.222	173.146	158.317	222.975
200511	190.514	220.105	177.124	161.558	145.514	200.791	276.236	172.655	154.588	225.475
200512	190.388	221.043	178.116	160.605	146.54	201.583	274.592	172.163	153.811	226.934
200601	188.837	221.58	180.543	161.558	147.861	202.177	273.222	171.001	160.802	226.934
200602	187.286	221.963	182.971	162.51	147.567	201.781	271.303	169.84	157.075	226.934
200603	185.735	222.671	185.399	161.716	148.007	203.168	272.126	168.678	157.385	227.352
200604	186.236	222.806	185.614	164.732	146.247	206.93	268.015	168.186	159.715	228.185
200605	186.737	222.983	185.83	168.224	146.687	203.762	271.303	167.694	163.289	227.975
200606	187.237	222.658	186.046	166.795	146.394	206.534	272.948	167.202	160.959	229.019
200607	188.49	222.712	187.165	169.175	145.807	207.326	268.837	166.385	158.628	229.434
200608	189.742	222.938	188.284	170.922	146.394	207.92	268.015	165.568	162.668	229.852
200609	190.994	222.396	189.403	170.922	146.834	207.722	265.275	164.751	165.775	229.226
200610	192.496	222.487	190.841	170.286	146.1	208.514	260.89	164.298	165.463	228.809
200611	193.999	223.042	192.28	173.46	146.981	210.494	260.342	163.845	165.463	228.393
200612	195.501	224.922	193.718	174.254	145.954	210.692	270.207	163.392	171.368	230.268
200701	194.26	225.234	195.669	175.047	147.421	208.514	265.823	164.416	167.017	229.019
200702	193.02	226.301	197.62	176.317	146.394	209.702	264.178	165.44	168.57	230.893
200703	191.78	226.958	199.572	177.586	146.687	209.702	261.712	166.463	169.347	230.478
200704	191.78	227.122	201.36	175.365	146.54	209.108	278.155	166.473	166.24	231.519
200705	191.78	228.272	203.147	179.333	148.007	211.484	261.712	166.483	169.659	231.519
200706	191.78	228.64	204.935	178.697	147.714	211.484	252.12	166.493	169.504	231.727
200707	191.78	228.799	206.442	179.808	147.127	211.682	268.015	166.985	167.328	232.352
200708	191.78	229.628	207.948	180.92	146.834	217.029	267.467	167.477	168.26	232.56
200709	191.78	229.873	209.455	182.506	146.394	213.861	269.111	167.969	167.328	233.394
200710	192.86	230.371	210.79	182.506	147.861	216.633	269.111	169.377	167.95	232.145
200711	193.941	231.224	212.125	182.189	147.567	214.455	264.178	170.785	173.698	233.604
200712	195.022	229.732	213.459	183.458	147.274	215.643	260.068	172.192	172.455	234.227
200801	195.977	230.958	211.864	185.68	147.421	216.831	265	171.858	173.543	234.019
200802	196.931	230.332	210.268	185.998	147.714	217.821	263.63	171.523	171.678	233.394
200803	197.885	229.994	208.673	185.205	146.834	214.851	265.549	171.188	169.037	232.56
200804	198.458	230.871	211.869	185.045	146.54	213.266	269.111	170.962	167.017	231.311
200805	199.03	230.941	215.064	182.347	145.514	216.237	269.385	170.735	166.085	230.686
200806	199.603	230.882	218.26	183.618	143.9	211.88	268.563	170.509	167.173	230.06
200807	199.285	231.798	215.746	180.602	142.433	211.682	270.755	169.17	168.727	230.06
200808	198.966	230.18	213.231	184.887	142.14	205.148	254.039	167.832	165.62	227.56
200809	198.648	230.386	210.717	179.966	142.287	205.346	259.246	166.493	160.492	218.39
200810	195.34	229.578	207.567	176.159	138.473	198.613	268.289	164.111	156.453	221.308
200811	192.033	227.865	204.417	168.541	135.392	185.148	266.919	161.729	151.792	218.39
200812	188.726	225.643	201.267	160.764	133.045	169.9	268.563	159.346	139.052	213.389
200901	187.899	223.696	197.27	148.227	129.671	157.227	263.63	157.004	132.682	208.596
200902	187.072	223.317	193.274	143.148	128.938	143.168	270.755	154.661	131.75	206.929
200903	186.245	222.539	189.277	144.101	128.645	146.138	261.712	152.318	129.574	203.595
200904	186.372	222.169	188.57	139.498	128.938	152.475	258.149	152.663	131.128	202.553
200905	186.499	221.064	187.864	146.799	127.765	159.405	247.462	153.007	128.642	200.469
200906	186.626	221.469	187.157	147.592	128.498	161.584	250.75	153.352	130.817	199.635
200907	186.181	221.887	190.338	145.846	128.791	163.366	249.928	153.204	134.701	201.928
200908	185.736	221.937	193.519	149.02	125.418	165.742	254.313	153.056	131.128	204.428
200909	185.291	223.096	196.7	154.416	127.031	168.514	255.683	152.909	133.148	205.679
200910	187.199	223.847	197.504	151.559	127.031	171.088	253.765	154.326	131.128	206.096
200911	189.107	225.253	198.308	153.147	127.618	175.247	254.861	155.744	131.905	207.554
200912	191.015	226.548	199.113	151.242	128.205	179.801	253.217	157.161	129.574	208.805
201001	191.524	227.882	199.998	152.194	127.471	188.118	253.765	157.848	131.283	211.097
201002	192.033	228.389	200.883	152.353	128.645	186.138	252.394	158.534	131.128	211.097
201003	192.542	229.793	201.769	157.431	131.138	188.316	248.558	159.22	136.566	211.722
201004	193.094	229.743	202.104	159.279	130.845	190.494	246.64	159.576	137.365	213.181
201005	193.646	230.007	202.438	160.933	131.129	193.728	246.64	159.932	138.769	215.681
201006										
